CD010438     0  19819727     0  
CD010438     0  21893014     1  
CD011984     0  9237504      0  
CD011984     0  15503275     1  
CD008643     0  12554032     1  
CD008643     0  9101379      0  
CD009944     0  3070801      1  
CD009944     0  8929801      0  
CD007427     0  19559371     0  
CD007427     0  19083717     1  
CD009593     0  19191912     0  
CD009593     0  22568711     1  
CD011549     0  9824351      1  
CD011549     0  11205644     0  
CD011134     0  15655619     1  
CD011134     0  20732756     0  
CD008686     0  1650074      0  
CD008686     0  10361935     1  
CD011975     0  20678767     1  
CD011975     0  10377014     0  
CD009323     0  11753036     1  
CD009323     0  12630343     0  
CD009020     0  1950493      1  
CD009020     0  8952110      0  
CD011548     0  6175028      1  
CD011548     0  5934209      0  
CD010409     0  2326246      0  
CD010409     0  1526513      1  
CD008054     0  20081800     1  
CD008054     0  10494257     0  
CD010771     0  2594878      1  
CD010771     0  16175157     0  
CD009591     0  16937103     1  
CD009591     0  9521439      0  
CD008691     0  15743997     1  
CD008691     0  18573389     0  
CD010632     0  18648805     1  
CD010632     0  18300284     0  
CD007394     0  369730       0  
CD007394     0  23369047     1  